beer
15213274
15078300
17278351
16709639
18077414
18450246
17966874
17338445
15951915
15217587
14484586
14407647
15049142
14612869
16326143
16280979
17563301
17930892
17364239
17253631
16045575
15521566
13948891
14232101
15382498
14458404
16360344
16486367
17710016
18205630
17675101
16370370
16663864
15492902
13568782
14505242
14609862
14359692
16763507
16436773
17405509
18259786
17151177
16834688
16615559
15469409
14014762
14714581
14544184
14493903
17229663
16504433
16990795
18032165
16990271
17010032
15995610
14510775
13740899
14589061
14555175
13453238
16966039
15876133
17461305
18343549
16206415
16431293
15681499
14804753
13525684
13233079
13913208
13481345
16291020
15690172
16843545
17994524
16580022
16962974
15532722
14082012
12773331
13603704
13891606
13104948
16138584
15574143
15972366
17161983
15789058
15433415
15633048
14406065
12702360
14565267
13891592
13022483
15668998
13939520
14990861
17439544
16530015
15819059
16711778
14853330
13410201
15501344
14717825
13292420
15907968
15817850
16288489
17802010
15576324
14821555
15221816
14261030
13147380
14698283
12843627
11813773
16551864
15222865
15638583
17550699
15385696
15454749
15565921
13650685
12200802
12218507
13102633
12109494
15888915
13900239
13873047
16076424
14653632
14500999
